Pmt #,Due date,Payment amount,Principal paid,Interest paid,Remaining balance
1,2025-03-25,36.92,-0.58,37.5,9000.58
2,2025-04-25,36.92,-0.58,37.5,9001.16
3,2025-05-25,36.92,-0.58,37.5,9001.74
4,2025-06-25,36.92,-0.59,37.51,9002.33
5,2025-07-25,36.92,-0.59,37.51,9002.92
6,2025-08-25,36.92,-0.59,37.51,9003.51
7,2025-09-25,36.92,-0.59,37.51,9004.1
8,2025-10-25,36.92,-0.6,37.52,9004.7
9,2025-11-25,36.92,-0.6,37.52,9005.3
10,2025-12-25,36.92,-0.6,37.52,9005.9
11,2026-01-25,36.92,-0.6,37.52,9006.5
12,2026-02-25,36.92,-0.61,37.53,9007.11
13,2026-03-25,36.92,-0.61,37.53,9007.72
14,2026-04-25,36.92,-0.61,37.53,9008.33
15,2026-05-25,36.92,-0.61,37.53,9008.94
16,2026-06-25,36.92,-0.62,37.54,9009.56
17,2026-07-25,36.92,-0.62,37.54,9010.18
18,2026-08-25,36.92,-0.62,37.54,9010.8
19,2026-09-25,36.92,-0.62,37.54,9011.42
20,2026-10-25,36.92,-0.63,37.55,9012.05
21,2026-11-25,36.92,-0.63,37.55,9012.68
22,2026-12-25,36.92,-0.63,37.55,9013.31
23,2027-01-25,36.92,-0.64,37.56,9013.95
24,2027-02-25,36.92,-0.64,37.56,9014.59
25,2027-03-25,36.92,-0.64,37.56,9015.23
26,2027-04-25,36.92,-0.64,37.56,9015.87
27,2027-05-25,36.92,-0.65,37.57,9016.52
28,2027-06-25,36.92,-0.65,37.57,9017.17
29,2027-07-25,36.92,-0.65,37.57,9017.82
30,2027-08-25,36.92,-0.65,37.57,9018.47
31,2027-09-25,36.92,-0.66,37.58,9019.13
32,2027-10-25,36.92,-0.66,37.58,9019.79
33,2027-11-25,36.92,-0.66,37.58,9020.45
34,2027-12-25,36.92,-0.67,37.59,9021.12
35,2028-01-25,36.92,-0.67,37.59,9021.79
36,2028-02-25,36.92,-0.67,37.59,9022.46
37,2028-03-25,36.92,-0.67,37.59,9023.13
38,2028-04-25,36.92,-0.68,37.6,9023.81
39,2028-05-25,36.92,-0.68,37.6,9024.49
40,2028-06-25,36.92,-0.68,37.6,9025.17
41,2028-07-25,36.92,-0.68,37.6,9025.85
42,2028-08-25,36.92,-0.69,37.61,9026.54
43,2028-09-25,36.92,-0.69,37.61,9027.23
44,2028-10-25,36.92,-0.69,37.61,9027.92
45,2028-11-25,36.92,-0.7,37.62,9028.62
46,2028-12-25,36.92,-0.7,37.62,9029.32
47,2029-01-25,36.92,-0.7,37.62,9030.02
48,2029-02-25,36.92,-0.71,37.63,9030.73
49,2029-03-25,36.92,-0.71,37.63,9031.44
50,2029-04-25,36.92,-0.71,37.63,9032.15
51,2029-05-25,36.92,-0.71,37.63,9032.86
52,2029-06-25,36.92,-0.72,37.64,9033.58
53,2029-07-25,36.92,-0.72,37.64,9034.3
54,2029-08-25,36.92,-0.72,37.64,9035.02
55,2029-09-25,36.92,-0.73,37.65,9035.75
56,2029-10-25,36.92,-0.73,37.65,9036.48
57,2029-11-25,36.92,-0.73,37.65,9037.21
58,2029-12-25,36.92,-0.74,37.66,9037.95
59,2030-01-25,36.92,-0.74,37.66,9038.69
60,2030-02-25,36.92,-0.74,37.66,9039.43
