Pmt #,Due date,Payment amount,Principal paid,Interest paid,Remaining balance
1,2025-03-25,36.92,-4.33,41.25,9904.33
2,2025-04-25,36.92,-4.35,41.27,9908.68
3,2025-05-25,36.92,-4.37,41.29,9913.05
4,2025-06-25,36.92,-4.38,41.3,9917.43
5,2025-07-25,36.92,-4.4,41.32,9921.83
6,2025-08-25,36.92,-4.42,41.34,9926.25
7,2025-09-25,36.92,-4.44,41.36,9930.69
8,2025-10-25,36.92,-4.46,41.38,9935.15
9,2025-11-25,36.92,-4.48,41.4,9939.63
10,2025-12-25,36.92,-4.5,41.42,9944.13
11,2026-01-25,36.92,-4.51,41.43,9948.64
12,2026-02-25,36.92,-4.53,41.45,9953.17
13,2026-03-25,36.92,-4.55,41.47,9957.72
14,2026-04-25,36.92,-4.57,41.49,9962.29
15,2026-05-25,36.92,-4.59,41.51,9966.88
16,2026-06-25,36.92,-4.61,41.53,9971.49
17,2026-07-25,36.92,-4.63,41.55,9976.12
18,2026-08-25,36.92,-4.65,41.57,9980.77
19,2026-09-25,36.92,-4.67,41.59,9985.44
20,2026-10-25,36.92,-4.69,41.61,9990.13
21,2026-11-25,36.92,-4.71,41.63,9994.84
22,2026-12-25,36.92,-4.73,41.65,9999.57
23,2027-01-25,36.92,-4.74,41.66,10004.31
24,2027-02-25,36.92,-4.76,41.68,10009.07
25,2027-03-25,36.92,-4.78,41.7,10013.85
26,2027-04-25,36.92,-4.8,41.72,10018.65
27,2027-05-25,36.92,-4.82,41.74,10023.47
28,2027-06-25,36.92,-4.84,41.76,10028.31
29,2027-07-25,36.92,-4.86,41.78,10033.17
30,2027-08-25,36.92,-4.88,41.8,10038.05
31,2027-09-25,36.92,-4.91,41.83,10042.96
32,2027-10-25,36.92,-4.93,41.85,10047.89
33,2027-11-25,36.92,-4.95,41.87,10052.84
34,2027-12-25,36.92,-4.97,41.89,10057.81
35,2028-01-25,36.92,-4.99,41.91,10062.8
36,2028-02-25,36.92,-5.01,41.93,10067.81
37,2028-03-25,36.92,-5.03,41.95,10072.84
38,2028-04-25,36.92,-5.05,41.97,10077.89
39,2028-05-25,36.92,-5.07,41.99,10082.96
40,2028-06-25,36.92,-5.09,42.01,10088.05
41,2028-07-25,36.92,-5.11,42.03,10093.16
42,2028-08-25,36.92,-5.13,42.05,10098.29
43,2028-09-25,36.92,-5.16,42.08,10103.45
44,2028-10-25,36.92,-5.18,42.1,10108.63
45,2028-11-25,36.92,-5.2,42.12,10113.83
46,2028-12-25,36.92,-5.22,42.14,10119.05
47,2029-01-25,36.92,-5.24,42.16,10124.29
48,2029-02-25,36.92,-5.26,42.18,10129.55
49,2029-03-25,36.92,-5.29,42.21,10134.84
50,2029-04-25,36.92,-5.31,42.23,10140.15
51,2029-05-25,36.92,-5.33,42.25,10145.48
52,2029-06-25,36.92,-5.35,42.27,10150.83
53,2029-07-25,36.92,-5.38,42.3,10156.21
54,2029-08-25,36.92,-5.4,42.32,10161.61
55,2029-09-25,36.92,-5.42,42.34,10167.03
56,2029-10-25,36.92,-5.44,42.36,10172.47
57,2029-11-25,36.92,-5.47,42.39,10177.94
58,2029-12-25,36.92,-5.49,42.41,10183.43
59,2030-01-25,36.92,-5.51,42.43,10188.94
60,2030-02-25,36.92,-5.53,42.45,10194.47
