Pmt #,Due Date,Payment Amount,Principal Paid,Interest Paid,Remaining Balance
1,2025-03-01,200,158.33,41.67,9841.67
2,2025-04-01,200,158.99,41.01,9682.67
3,2025-05-01,200,159.66,40.34,9523.02
4,2025-06-01,200,160.32,39.68,9362.7
5,2025-07-01,200,160.99,39.01,9201.71
6,2025-08-01,200,161.66,38.34,9040.05
7,2025-09-01,200,162.33,37.67,8877.72
8,2025-10-01,200,163.01,36.99,8714.71
9,2025-11-01,200,163.69,36.31,8551.02
10,2025-12-01,200,164.37,35.63,8386.65
11,2026-01-01,200,165.06,34.94,8221.59
12,2026-02-01,200,165.74,34.26,8055.85
13,2026-03-01,200,166.43,33.57,7889.41
14,2026-04-01,200,167.13,32.87,7722.29
15,2026-05-01,200,167.82,32.18,7554.46
16,2026-06-01,200,168.52,31.48,7385.94
17,2026-07-01,200,169.23,30.77,7216.71
18,2026-08-01,200,169.93,30.07,7046.78
19,2026-09-01,200,170.64,29.36,6876.15
20,2026-10-01,200,171.35,28.65,6704.8
21,2026-11-01,200,172.06,27.94,6532.73
22,2026-12-01,200,172.78,27.22,6359.95
23,2027-01-01,200,173.5,26.5,6186.45
24,2027-02-01,200,174.22,25.78,6012.23
25,2027-03-01,200,174.95,25.05,5837.28
26,2027-04-01,200,175.68,24.32,5661.6
27,2027-05-01,200,176.41,23.59,5485.19
28,2027-06-01,200,177.15,22.85,5308.05
29,2027-07-01,200,177.88,22.12,5130.16
30,2027-08-01,200,178.62,21.38,4951.54
31,2027-09-01,200,179.37,20.63,4772.17
32,2027-10-01,200,180.12,19.88,4592.06
33,2027-11-01,200,180.87,19.13,4411.19
34,2027-12-01,200,181.62,18.38,4229.57
35,2028-01-01,200,182.38,17.62,4047.19
36,2028-02-01,200,183.14,16.86,3864.06
37,2028-03-01,200,183.9,16.1,3680.16
38,2028-04-01,200,184.67,15.33,3495.49
39,2028-05-01,200,185.44,14.56,3310.05
40,2028-06-01,200,186.21,13.79,3123.85
41,2028-07-01,200,186.98,13.02,2936.86
42,2028-08-01,200,187.76,12.24,2749.1
43,2028-09-01,200,188.55,11.45,2560.55
44,2028-10-01,200,189.33,10.67,2371.22
45,2028-11-01,200,190.12,9.88,2181.1
46,2028-12-01,200,190.91,9.09,1990.19
47,2029-01-01,200,191.71,8.29,1798.48
48,2029-02-01,200,192.51,7.49,1605.98
49,2029-03-01,200,193.31,6.69,1412.67
50,2029-04-01,200,194.11,5.89,1218.55
51,2029-05-01,200,194.92,5.08,1023.63
52,2029-06-01,200,195.73,4.27,827.9
53,2029-07-01,200,196.55,3.45,631.35
54,2029-08-01,200,197.37,2.63,433.98
55,2029-09-01,200,198.19,1.81,235.79
56,2029-10-01,200,199.02,0.98,36.77
57,2029-11-01,200,199.85,0.15,0.0
