Pmt #,Due date,Payment amount,Principal paid,Interest paid,Remaining balance
1,2025-03-25,200.0,158.33,41.67,9841.67
2,2025-04-25,200.0,158.99,41.01,9682.68
3,2025-05-25,200.0,159.66,40.34,9523.02
4,2025-06-25,200.0,160.32,39.68,9362.7
5,2025-07-25,200.0,160.99,39.01,9201.71
6,2025-08-25,200.0,161.66,38.34,9040.05
7,2025-09-25,200.0,162.33,37.67,8877.72
8,2025-10-25,200.0,163.01,36.99,8714.71
9,2025-11-25,200.0,163.69,36.31,8551.02
10,2025-12-25,200.0,164.37,35.63,8386.65
11,2026-01-25,200.0,165.06,34.94,8221.59
12,2026-02-25,200.0,165.74,34.26,8055.85
13,2026-03-25,200.0,166.43,33.57,7889.42
14,2026-04-25,200.0,167.13,32.87,7722.29
15,2026-05-25,200.0,167.82,32.18,7554.47
16,2026-06-25,200.0,168.52,31.48,7385.95
17,2026-07-25,200.0,169.23,30.77,7216.72
18,2026-08-25,200.0,169.93,30.07,7046.79
19,2026-09-25,200.0,170.64,29.36,6876.15
20,2026-10-25,200.0,171.35,28.65,6704.8
21,2026-11-25,200.0,172.06,27.94,6532.74
22,2026-12-25,200.0,172.78,27.22,6359.96
23,2027-01-25,200.0,173.5,26.5,6186.46
24,2027-02-25,200.0,174.22,25.78,6012.24
25,2027-03-25,200.0,174.95,25.05,5837.29
26,2027-04-25,200.0,175.68,24.32,5661.61
27,2027-05-25,200.0,176.41,23.59,5485.2
28,2027-06-25,200.0,177.14,22.86,5308.06
29,2027-07-25,200.0,177.88,22.12,5130.18
30,2027-08-25,200.0,178.62,21.38,4951.56
31,2027-09-25,200.0,179.37,20.63,4772.19
32,2027-10-25,200.0,180.12,19.88,4592.07
33,2027-11-25,200.0,180.87,19.13,4411.2
34,2027-12-25,200.0,181.62,18.38,4229.58
35,2028-01-25,200.0,182.38,17.62,4047.2
36,2028-02-25,200.0,183.14,16.86,3864.06
37,2028-03-25,200.0,183.9,16.1,3680.16
38,2028-04-25,200.0,184.67,15.33,3495.49
39,2028-05-25,200.0,185.44,14.56,3310.05
40,2028-06-25,200.0,186.21,13.79,3123.84
41,2028-07-25,200.0,186.98,13.02,2936.86
42,2028-08-25,200.0,187.76,12.24,2749.1
43,2028-09-25,200.0,188.55,11.45,2560.55
44,2028-10-25,200.0,189.33,10.67,2371.22
45,2028-11-25,200.0,190.12,9.88,2181.1
46,2028-12-25,200.0,190.91,9.09,1990.19
47,2029-01-25,200.0,191.71,8.29,1798.48
48,2029-02-25,200.0,192.51,7.49,1605.97
49,2029-03-25,200.0,193.31,6.69,1412.66
50,2029-04-25,200.0,194.11,5.89,1218.55
51,2029-05-25,200.0,194.92,5.08,1023.63
52,2029-06-25,200.0,195.73,4.27,827.9
53,2029-07-25,200.0,196.55,3.45,631.35
54,2029-08-25,200.0,197.37,2.63,433.98
55,2029-09-25,200.0,198.19,1.81,235.79
56,2029-10-25,200.0,199.02,0.98,36.77
57,2029-11-25,36.92,36.77,0.15,0.0
