Pmt #,Due Date,Payment Amount,Principal Paid,Interest Paid,Remaining Balance
1,2025-03-01,200.0,158.35,41.65,9838.65
2,2025-04-01,200.0,159.01,40.99,9679.65
3,2025-05-01,200.0,159.67,40.33,9519.98
4,2025-06-01,200.0,160.33,39.67,9359.65
5,2025-07-01,200.0,161.0,39.0,9198.65
6,2025-08-01,200.0,161.67,38.33,9036.97
7,2025-09-01,200.0,162.35,37.65,8874.63
8,2025-10-01,200.0,163.02,36.98,8711.6
9,2025-11-01,200.0,163.7,36.3,8547.9
10,2025-12-01,200.0,164.38,35.62,8383.52
11,2026-01-01,200.0,165.07,34.93,8218.45
12,2026-02-01,200.0,165.76,34.24,8052.69
13,2026-03-01,200.0,166.45,33.55,7886.25
14,2026-04-01,200.0,167.14,32.86,7719.11
15,2026-05-01,200.0,167.84,32.16,7551.27
16,2026-06-01,200.0,168.54,31.46,7382.73
17,2026-07-01,200.0,169.24,30.76,7213.49
18,2026-08-01,200.0,169.94,30.06,7043.55
19,2026-09-01,200.0,170.65,29.35,6872.9
20,2026-10-01,200.0,171.36,28.64,6701.54
21,2026-11-01,200.0,172.08,27.92,6529.46
22,2026-12-01,200.0,172.79,27.21,6356.67
23,2027-01-01,200.0,173.51,26.49,6183.15
24,2027-02-01,200.0,174.24,25.76,6008.91
25,2027-03-01,200.0,174.96,25.04,5833.95
26,2027-04-01,200.0,175.69,24.31,5658.26
27,2027-05-01,200.0,176.42,23.58,5481.84
28,2027-06-01,200.0,177.16,22.84,5304.68
29,2027-07-01,200.0,177.9,22.1,5126.78
30,2027-08-01,200.0,178.64,21.36,4948.14
31,2027-09-01,200.0,179.38,20.62,4768.76
32,2027-10-01,200.0,180.13,19.87,4588.63
33,2027-11-01,200.0,180.88,19.12,4407.75
34,2027-12-01,200.0,181.63,18.37,4226.11
35,2028-01-01,200.0,182.39,17.61,4043.72
36,2028-02-01,200.0,183.15,16.85,3860.57
37,2028-03-01,200.0,183.91,16.09,3676.66
38,2028-04-01,200.0,184.68,15.32,3491.98
39,2028-05-01,200.0,185.45,14.55,3306.53
40,2028-06-01,200.0,186.22,13.78,3120.3
41,2028-07-01,200.0,187.0,13.0,2933.3
42,2028-08-01,200.0,187.78,12.22,2745.53
43,2028-09-01,200.0,188.56,11.44,2556.97
44,2028-10-01,200.0,189.35,10.65,2367.62
45,2028-11-01,200.0,190.13,9.87,2177.49
46,2028-12-01,200.0,190.93,9.07,1986.56
47,2029-01-01,200.0,191.72,8.28,1794.84
48,2029-02-01,200.0,192.52,7.48,1602.31
49,2029-03-01,200.0,193.32,6.68,1408.99
50,2029-04-01,200.0,194.13,5.87,1214.86
51,2029-05-01,200.0,194.94,5.06,1019.92
52,2029-06-01,200.0,195.75,4.25,824.17
53,2029-07-01,200.0,196.57,3.43,627.61
54,2029-08-01,200.0,197.38,2.62,430.22
55,2029-09-01,200.0,198.21,1.79,232.01
56,2029-10-01,200.0,199.03,0.97,32.98
57,2029-11-01,200.0,199.86,0.14,0.0
