Pmt #,Due date,Payment amount,Principal paid,Interest paid,Remaining balance
1,2025-03-25,90.92,50.09,40.83,9749.91
2,2025-04-25,90.92,50.3,40.62,9699.61
3,2025-05-25,90.92,50.5,40.42,9649.11
4,2025-06-25,90.92,50.72,40.2,9598.39
5,2025-07-25,90.92,50.93,39.99,9547.46
6,2025-08-25,90.92,51.14,39.78,9496.32
7,2025-09-25,90.92,51.35,39.57,9444.97
8,2025-10-25,90.92,51.57,39.35,9393.4
9,2025-11-25,90.92,51.78,39.14,9341.62
10,2025-12-25,90.92,52.0,38.92,9289.62
11,2026-01-25,90.92,52.21,38.71,9237.41
12,2026-02-25,90.92,52.43,38.49,9184.98
13,2026-03-25,90.92,52.65,38.27,9132.33
14,2026-04-25,90.92,52.87,38.05,9079.46
15,2026-05-25,90.92,53.09,37.83,9026.37
16,2026-06-25,90.92,53.31,37.61,8973.06
17,2026-07-25,90.92,53.53,37.39,8919.53
18,2026-08-25,90.92,53.76,37.16,8865.77
19,2026-09-25,90.92,53.98,36.94,8811.79
20,2026-10-25,90.92,54.2,36.72,8757.59
21,2026-11-25,90.92,54.43,36.49,8703.16
22,2026-12-25,90.92,54.66,36.26,8648.5
23,2027-01-25,90.92,54.88,36.04,8593.62
24,2027-02-25,90.92,55.11,35.81,8538.51
25,2027-03-25,90.92,55.34,35.58,8483.17
26,2027-04-25,90.92,55.57,35.35,8427.6
27,2027-05-25,90.92,55.8,35.12,8371.8
28,2027-06-25,90.92,56.04,34.88,8315.76
29,2027-07-25,90.92,56.27,34.65,8259.49
30,2027-08-25,90.92,56.51,34.41,8202.98
31,2027-09-25,90.92,56.74,34.18,8146.24
32,2027-10-25,90.92,56.98,33.94,8089.26
33,2027-11-25,90.92,57.21,33.71,8032.05
34,2027-12-25,90.92,57.45,33.47,7974.6
35,2028-01-25,90.92,57.69,33.23,7916.91
36,2028-02-25,90.92,57.93,32.99,7858.98
37,2028-03-25,90.92,58.17,32.75,7800.81
38,2028-04-25,90.92,58.42,32.5,7742.39
39,2028-05-25,90.92,58.66,32.26,7683.73
40,2028-06-25,90.92,58.9,32.02,7624.83
41,2028-07-25,90.92,59.15,31.77,7565.68
42,2028-08-25,90.92,59.4,31.52,7506.28
43,2028-09-25,90.92,59.64,31.28,7446.64
44,2028-10-25,90.92,59.89,31.03,7386.75
45,2028-11-25,90.92,60.14,30.78,7326.61
46,2028-12-25,90.92,60.39,30.53,7266.22
47,2029-01-25,90.92,60.64,30.28,7205.58
48,2029-02-25,90.92,60.9,30.02,7144.68
49,2029-03-25,90.92,61.15,29.77,7083.53
50,2029-04-25,90.92,61.41,29.51,7022.12
51,2029-05-25,90.92,61.66,29.26,6960.46
52,2029-06-25,90.92,61.92,29.0,6898.54
53,2029-07-25,90.92,62.18,28.74,6836.36
54,2029-08-25,90.92,62.44,28.48,6773.92
55,2029-09-25,90.92,62.7,28.22,6711.22
56,2029-10-25,90.92,62.96,27.96,6648.26
57,2029-11-25,90.92,63.22,27.7,6585.04
58,2029-12-25,90.92,63.48,27.44,6521.56
59,2030-01-25,90.92,63.75,27.17,6457.81
60,2030-02-25,90.92,64.01,26.91,6393.8
